2024 4 1 100
2024 4 2 350
2024 4 3 230
2024 4 4 300
2024 4 5 250
2024 4 6 210
2024 4 7 140
2024 4 8 135
2024 4 9 490
2024 4 10 290
2024 4 11 499
2024 4 12 356
2024 4 13 480
2024 4 14 890
2024 4 15 780
2024 4 16 654
2024 4 17 850
2024 4 18 900
2024 4 19 720
2024 4 20 689
2024 4 21 1200
2024 4 22 400
2024 4 23 757
2024 4 24 670
2024 4 25 500
2024 4 26 790
2024 4 27 1000
2024 4 28 620
2024 4 29 700
2024 4 30 987
2024 5 1 100
2024 5 2 350
2024 5 3 230
2024 5 4 1300
2024 5 5 1250
2024 5 6 1100
2024 5 7 140
2024 5 8 1135
2024 5 9 1490
2024 5 10 1290
2024 5 11 1499
2024 5 12 1134
2024 5 13 110
2024 5 14 3700
2024 5 15 230
2024 5 16 1300
2024 5 17 1250
2024 5 18 1100
2024 5 19 2720
2024 5 20 1890
2024 5 21 2319
2024 5 22 1290
2024 5 23 1499
2024 5 24 1134
2024 5 25 1135
2024 5 26 1490
2024 5 27 1290
2024 5 28 1499
2024 5 29 1134
2024 5 30 1000
2024 5 31 1600
2024 6 1 900
2024 6 2 1340
2024 6 3 230
2024 6 4 1300
2024 6 5 1250
2024 6 6 1100
2024 6 7 140
2024 6 8 1135
2024 6 9 1490
2024 6 10 1290
2024 6 11 1499
2024 6 12 1134
2024 6 13 110
2024 6 14 3500
2024 6 15 230
2024 6 16 1300
2024 6 17 1250
2024 6 18 1100
2024 6 19 2720
2024 6 20 1890
2024 6 21 2319
2024 6 22 1290
2024 6 23 1499
2024 6 24 1134
2024 6 25 1135
2024 6 26 1490
2024 6 27 1290
2024 6 28 1499
2024 6 29 1134
2024 6 30 1000
2024 7 1 1320
2024 7 2 560
2024 7 3 900
2024 7 4 1505
2024 7 5 1515
2024 7 6 1520
2024 7 7 1524
2024 7 8 1534
2024 7 9 1538
2024 7 10 1540
2024 7 11 1546
2024 7 12 1553
2024 7 13 1567
2024 7 14 1560
2024 7 15 1555
2024 7 16 1500
2024 7 17 1470
2024 7 18 1400
2024 7 19 1420
2024 7 20 1510
2024 7 21 1540
2024 7 22 1520
2024 7 23 1540
2024 7 25 1510
2024 7 26 1510
2024 7 27 1510
2024 7 28 1510
2024 7 29 1590
2024 7 30 1590
2024 7 31 1600
2024 8 1 1530
2024 8 2 1545
2024 8 3 1570
2024 8 4 1580
2024 8 5 1590
2024 8 6 1599
2024 8 7 1605
2024 8 8 1600
2024 8 9 1590
2024 8 10 1586
2024 8 11 1590
2024 8 12 1598
